006955
005840
000807
004748
003633
005916
006041
000711
006812
004438
005899
000223
000950
004274
004192
005192
002727
005804
001020
001782
006586
002712
000996
001661
006499
003242
007017
000875
005932
004828
003770
004890
000850
002979
001336
007156
001146
006735
001335
004632
007045
007152
004877
001450
002639
003517
005977
006197
002072
002246
000117
006678
002503
003148
001368
003643
007173
007421
002959
002583
006074
000527
002802
003631
003391
003115
002433
002319
001324
006293
002559
003107
004158
003012
006824
001578
005374
007108
003615
002494
007470
005558
007279
006517
004461
003560
000495
004914
007032
001188
002326
007058
001447
000521
003562
002335
001621
004804
002857
005136
001754
006444
006706
002837
004126
001420
005591
006056
006428
005020
005581
004897
006181
001052
001408
006051
005906
006271
003278
006614
006054
003203
000419
003117
003321
004358
005656
007252
003440
005245
007357
000791
007184
001977
003234
004868
000548
003748
006375
000601
004173
003550
006439
004893
003260
007084
000246
002272
007036
005727
001759
002457
006935
003393
000453
001692
005676
006770
003164
001314
003747
005181
005516
004223
003210
004787
003600
003218
004221
005936
004676
004522
001938
005766
001718
000135
005469
003387
006215
000208
001974
002131
006867
006641
002741
005692
003781
003283
000813
002761
002201
006654
005525
004456
004166
004167
006423
005973
002694
001438
005187
003525
001738
004046
005807
006414
003018
007444
003902
006332
000713
006330
007300
004310
002945
005795
004230
003089
001080
000893
006310
001701
000415
004431
007102
005273
001946
000769
002752
001334
003835
004606
002498
002286
006259
004089
006004
002390
005957
003992
004105
003475
005904
007315
007178
000392
003013
004800
003554
007431
003692
005566
005409
007064
004293
004346
001248
005830
004820
001245
001476
001436
007120
003084
005669
004729
003871
006067
001515
000388
003558
000577
000028
003098
001822
002312
004238
001375
002629
005279
006195
005653
006470
006466
005922
004229
005991
000044
002890
007023
007277
007445
002557
005126
000821
005314
003829
001034
002677
002679
001199
005671
003262
001433
005641
007283
001624
006345
000954
007260
006958
003327
000395
003064
001936
006871
001612
002435
002482
002537
000235
001137
002641
001009
001580
006388
006186
000941
006622
004879
003779
005503
006402
000096
004925
004682
005927
007129
006636
005847
003118
004180
003514
004485
005570
005406
001466
003347
000348
005809
006805
001049
001986
006109
006361
004425
004937
005544
005579
005615
000280
004790
000922
005917
001513
003603
006931
001659
003587
007398
004680
001175
000079
003815
002668
003468
005924
003432
000497
001684
003729
006779
004312
001835
006396
001298
000416
004094
003169
000108
004696
002769
004801
006593
006909
000766
005890
003207
000705
004709
005022
001226
006009
002938
003398
007305
002885
002070
006408
001463
000241
002488
004146
000518
002493
006065
003733
005643
002995
007126
005152
005413
001001
007469
002179
000625
001229
002348
005061
007215
005473
005375
002248
003598
005001
003074
001785
004607
004036
003876
004601
001111
005574
007281
007172
007308
005926
000271
002773
004889
002852
001783
004123
001488
006117
005091
003105
003845
001643
003574
006094
005423
006393
003526
006746
007106
002804
007372
004226
004028
003433
001831
003366
001031
001254
005931
005550
003912
006427
006064
001850
001341
006474
006825
001194
003158
006206
005846
003925
006343
005617
005440
002044
004556
005134
000172
004845
001073
006485
005508
000687
000961
002330
005915
003189
006552
000659
000128
007356
001638
002385
000129
002077
003340
000582
007282
002755
006132
001168
000137
003055
001023
002036
001753
001586
002125
005177
003703
006943
003110
000728
007420
003524
006679
006530
007136
004647
004100
001148
004519
002814
003879
006658
003070
005685
006884
005412
001739
002254
003044
007442
003544
001657
000960
006787
003655
000240
007119
006324
002037
001654
004661
001871
005037
001916
001925
006269
005395
004106
004708
007262
001449
005554
002777
007159
002040
002780
003967
000965
003102
001399
006789
006101
001329
002277
002116
007274
001680
000535
002192
002748
005083
001653
000506
003097
001907
001598
003261
007361
004528
001469
000101
003609
004115
005744
002110
005521
003016
007174
000120
000517
001074
000534
004629
007110
003281
001918
006876
004866
000735
005683
003712
005332
002509
007188
005483
000177
002061
006559
005678
000217
004826
003289
003217
007370
003784
001165
006555
003883
007047
004067
004330
006261
000325
001721
007059
001953
007208
004630
004354
005456
003268
001968
002076
000727
003349
002378
005572
004138
000182
000481
003724
004656
005820
002301
000492
001193
004952
000753
006263
000066
004527
006567
000915
006431
004552
000146
004557
004502
002984
005183
002939
004651
006904
006221
000663
006208
004215
000358
004582
004966
005350
002322
003888
005387
003934
003790
005874
006917
007070
003718
001453
005135
005845
002954
005859
005156
000445
005716
001058
004303
002314
002754
006657
006477
000162
003499
002281
005622
001632
005401
005398
004079
001802
003535
002147
006364
003461
000312
004521
003279
006003
002121
002847
001812
005482
002239
002973
005077
002145
006243
003933
005299
005948
003019
001778
004434
002815
004422
003303
002634
000572
003752
000602
003392
004198
000156
003839
006171
003093
001227
005799
000972
004199
005553
005868
002063
005259
002726
004905
001272
002511
002341
002257
001736
001141
004159
003383
003898
007443
006142
007026
000949
000763
004913
003961
000365
005296
000437
004736
000817
004370
005327
004861
003388
006457
004711
006818
000879
004132
002908
002575
001149
003296
002964
000736
000286
001711
004191
002377
003483
007394
004056
003750
003611
003157
006632
007179
002081
006965
007008
005897
004771
001882
004193
002662
007088
006362
000032
001919
005880
005142
004586
004436
005644
003856
003965
005816
006726
000106
000505
001462
004367
000006
006122
004315
005326
005626
002357
002711
001535
006447
001998
002436
003307
000414
000205
006631
000714
001803
002730
006239
003255
004007
000487
000226
007258
004382
006977
003080
001132
004616
004834
001568
005993
006771
000616
001296
004628
002421
005161
000147
000115
004385
000829
001584
002632
002411
001195
000651
000340
004357
002245
000330
005385
006306
004553
004101
004812
000003
002459
004841
002143
005514
006106
001962
002376
007449
005076
003738
001414
002234
007051
002415
003397
003707
004087
004587
000012
006231
003435
001837
004929
002530
000703
005225
006253
007347
000952
006839
003454
004257
004075
003263
005907
004466
005942
000194
004443
002742
003662
000677
004666
000940
000071
006940
000299
004307
001767
007419
000257
004399
004885
000653
006821
002492
000533
002936
001756
001177
006340
003173
000049
001319
004989
002365
006954
003037
003071
006696
000305
004059
005026
006922
000381
007385
002279
005735
002633
001527
002982
004062
000834
003273
003237
003991
002943
006042
000692
002543
005433
005214
002651
004208
004941
003131
000335
006782
006256
001452
004807
000899
007255
006844
005758
005112
002924
004876
006028
000774
005386
001106
006125
005583
001551
000603
006599
007479
001415
006864
002065
003635
002018
002922
002743
000321
005560
006834
000975
001988
001445
006686
005315
002993
006303
001279
005752
002449
000516
004000
004588
001153
006076
000171
002547
004717
002027
002088
001945
006248
006564
004137
002798
000069
000544
005365
003836
004857
001859
002832
003182
005935
003656
000718
003325
005432
007211
002937
000838
007239
002556
003899
004410
006049
005277
004978
000525
005338
005853
000332
002953
005805
004500
005531
003159
003162
006628
007253
005240
004292
006395
002483
003838
007027
001380
003810
007228
007168
006163
007369
003913
006550
000612
004098
004348
004491
002023
001762
005510
000476
001297
004449
002450
006397
006681
005039
003462
006653
002975
000863
002111
006728
005950
003493
005104
002013
002105
001899
001218
004006
001848
003474
006671
003614
007210
001755
005144
002142
006063
006454
003673
000784
004878
006386
006294
002561
005702
000946
002419
006382
006988
003608
004487
006270
005348
002843
004788
002812
006881
005420
001407
006941
003503
001546
002640
002554
003436
005498
006785
005470
006624
000408
001902
000591
000957
005913
002209
000164
003024
001592
003233
002729
003473
002549
000865
007223
006055
004407
002596
003051
002060
003142
007166
006877
004996
004145
002697
006912
001533
002000
005893
005310
001301
000291
004133
006966
006298
000133
007154
003630
001255
003889
002167
000045
000618
000027
004196
004833
006561
006137
003220
000570
003446
001808
000524
000259
002401
004423
001790
000869
005272
006510
003610
005082
002535
006926
000803
004892
007015
007177
001567
006184
005436
000637
006644
001440
000292
000768
002444
003385
002655
001247
006637
002338
000153
002189
005378
004157
005920
003994
002264
000500
002180
004373
004319
006836
000786
002548
001257
003049
000160
003407
001811
006504
005884
000924
000426
006518
003621
006053
004730
005639
003211
003728
007326
002294
004935
006209
002525
000862
000140
003202
001455
005221
003549
004266
004637
005291
002990
004153
005733
003725
006488
001213
007265
001765
004583
002031
004850
006855
000303
006341
004697
002911
000457
003193
007317
003014
002976
001140
005524
005771
005210
004482
005276
006149
006963
004379
004593
006373
002347
003681
003536
006230
007128
000447
003842
004590
000562
005990
001484
001781
005659
001261
006676
006360
005606
002340
003373
000648
002502
006403
002998
003861
003844
007220
002757
004426
007358
000293
007439
005635
004770
006523
006915
005589
003253
000549
001065
005992
002349
005850
006794
005430
006210
002361
000530
005672
002508
003133
002351
002188
000351
000339
005073
003095
002958
004228
001109
007379
007061
005732
001507
005843
006459
001358
001732
006956
004758
003505
002004
001952
006095
007294
004571
003034
001646
001678
004974
007301
007196
007429
002069
004710
004184
003365
002479
005757
006635
006972
000077
001241
001037
002194
006078
003952
006535
006250
006099
005146
004869
000662
006543
002458
007382
003126
003578
007216
002315
005821
003088
006045
003605
004176
002684
002717
001273
003938
000173
003753
004927
000139
003529
006833
002956
005010
003769
002784
007242
001910
001460
002453
005478
000891
000571
001503
005969
000998
003741
002114
006813
004860
000816
002318
006255
005255
004638
000253
005947
000499
005489
005294
003430
006025
004524
001008
006284
004854
005951
007359
006338
001075
001183
000777
004352
002988
004388
001903
004916
005844
006159
000229
006640
003250
002495
005698
003632
004782
001212
001318
000347
005855
003763
002638
000188
007175
000550
002137
002463
002671
007389
003638
006609
003239
003414
005999
002220
005903
006328
006558
000947
000275
001051
007052
002343
004472
000019
002811
000397
001167
002853
004375
004131
002896
004836
003086
001304
001352
006832
001550
003341
000837
002819
005044
003005
001079
001789
007462
002066
001853
006484
003951
003079
007409
005886
006925
005284
001995
001681
006366
001852
000563
001092
002612
001994
003528
002759
003565
005912
005443
001345
001071
006920
000654
002099
001286
000471
004737
000617
001827
003215
002323
001869
006660
003820
006308
003553
002624
006020
001836
002211
003285
004008
001070
003849
001560
002762
001322
002262
000277
006276
004910
000676
000745
002637
002827
006727
004859
001174
004140
003764
001326
001780
001124
003872
003434
003840
005602
007327
004642
004906
005811
007144
001885
001940
003112
003348
006419
003671
000664
004950
007006
002868
006281
004507
005038
004280
007054
001446
000748
004577
001171
003408
005465
000401
004784
007288
004531
006311
000477
004786
006272
000707
006623
006562
004484
002891
000902
005721
003368
002796
006830
000145
006442
002098
006011
001456
006634
004463
006536
005611
006655
006113
000473
001129
003824
007087
002197
003788
000636
006819
003308
001302
002204
005431
006971
002478
003214
004034
000805
006158
007440
006914
002701
001864
001207
002733
001504
006508
003754
001179
007140
001874
001784
004624
006347
002622
007366
002033
001635
000391
006401
003559
004408
002718
001652
000088
006775
006368
000955
005074
002841
001486
001144
000988
000083
001172
004035
006699
004526
002581
001003
002271
007137
006969
001634
000484
001563
004387
006840
001723
002878
004152
000166
006799
007218
005943
002497
001178
006487
007427
002513
002920
001539
002067
005319
003846
003492
002219
007338
003423
007311
002621
003478
001987
002552
000143
007476
007018
006289
000175
003465
000889
001610
000857
005129
004331
003042
006888
004594
005755
004336
004915
003506
003267
000072
004285
003053
001064
005660
001947
004139
004954
006456
005775
002783
007475
002516
003852
001454
006031
004623
001726
006551
000318
006464
002720
002565
005380
002123
005621
003011
003243
000754
001464
000112
004317
004378
003020
006633
005717
004188
003882
005772
002268
003358
004585
000926
005705
003892
006868
004505
001112
000868
002571
005810
002431
003910
005728
002043
006937
007186
005340
007329
003209
002663
003276
006882
005055
004185
001861
000176
006479
006390
007267
004785
004566
003847
003691
005353
002107
005529
006483
006422
006556
002266
001687
000247
002851
006585
004376
000765
002487
003687
005414
003208
005734
006600
004839
007408
002168
005736
004063
006619
001262
003619
006093
005682
002417
006161
002898
000782
006814
001181
004752
003670
000999
003870
001147
004009
000328
001038
000780
004394
000163
003188
003700
003099
006288
001815
006974
006729
005939
005024
006798
006808
000080
005002
007207
005355
005946
006274
006829
003248
001337
004946
002172
007090
006406
003413
004920
005257
001409
004631
000826
000916
000468
000061
002160
001136
000841
005080
005485
000515
006038
007219
004038
002253
001115
001200
004858
000196
005397
006282
000993
000296
001865
002096
003471
001173
005557
000580
006604
001489
001360
003813
003403
001170
002660
002609
001483
000951
003143
000068
000498
005075
006584
005178
003326
000283
006416
006939
002230
000842
004260
002129
006817
004103
004847
007331
004086
005878
003582
003205
002766
003887
001026
007448
006520
006723
003785
006273
002274
004112
006429
004151
003386
003450
000359
004474
001365
007381
007181
000793
002799
005532
005171
002822
005359
003539
000319
007124
004200
003555
004347
000529
001970
002371
005125
001637
000986
000126
007446
000444
002615
001441
001163
006233
001404
002572
005790
003688
002154
005421
004424
004648
004614
004546
000740
006278
006879
004128
004135
006921
001911
007247
002566
003422
007290
002402
003177
002360
005407
005997
006615
007123
005763
003452
003504
000898
000874
004420
006118
002902
001103
003567
003125
002779
004884
003837
000804
001912
005838
001283
007131
003033
000170
003035
001289
007313
000373
000161
002134
002744
001230
002740
000962
005642
003929
004533
005050
007453
002584
005399
003935
005776
004690
004328
005185
005832
003833
004727
004272
005337
002795
000157
004882
002191
001490
001834
000466
000269
006128
002199
002652
007374
003469
007414
001478
001730
002213
001891
000622
002696
003298
004252
004515
003510
004961
000564
007466
005228
004239
003928
000808
003141
007176
000789
004117
002681
005785
002333
004386
004965
003817
004068
004441
005562
006266
003010
001574
006519
004703
004988
005718
003762
000100
002265
006720
004384
003316
006013
004077
000307
003400
003803
001495
002630
002703
007428
003200
003586
006022
004536
000233
002955
001992
004783
006203
001042
004110
000796
003915
000183
000683
001205
005033
001600
004984
004302
003360
006180
000519
002820
001581
003439
003190
000720
006862
005263
004261
001923
003067
007222
003087
007333
001605
001532
000895
004781
007039
005741
000851
004612
004728
001573
004470
004668
004721
000640
000881
001921
005336
001690
000070
000831
006344
000187
002533
005958
005023
000688
006296
007433
001775
003120
003128
005612
005988
006102
003950
005802
000380
000778
001601
006378
001893
006229
000620
003857
006906
004225
006527
005854
004949
001276
006668
004564
003737
005047
002300
002913
003727
002545
003715
002598
006983
004050
005373
006801
001942
005153
005217
005341
004644
006570
003309
007480
002122
007217
005347
005258
000652
000278
006232
004305
001658
000923
004039
003418
000756
005303
000783
006685
004636
006698
003134
002926
000886
000656
005179
004268
001346
007063
000251
004469
005887
005417
003970
007270
005095
003958
004130
004883
001889
004044
002015
007276
002207
002303
004460
006201
002430
000287
005358
007214
005064
006131
005394
003076
005754
005174
005208
005141
004003
002250
001160
006546
006984
005328
006573
001963
003003
001961
006404
002682
003996
004186
005429
006816
006325
000369
006578
004498
001118
003637
004867
002223
000631
001101
006032
006896
002706
002102
006924
003470
001543
006638
003791
003825
000008
007303
005711
004977
003331
002465
007346
002151
004609
001734
001857
006730
005970
002657
000301
006462
006996
006107
003811
003062
004504
000642
001699
000436
005646
003419
002674
002007
006693
002244
005041
005471
001169
000900
003244
005869
006736
002980
004635
006854
005892
004720
000407
002505
004497
005900
006743
006890
002521
006198
007353
004603
004695
001950
000273
003944
000262
006432
007031
005940
004371
006156
001933
005063
005762
007244
004051
000378
007423
000394
000933
006320
006960
000581
007221
002439
004508
005007
001033
006196
003379
003431
001660
005195
001771
002306
000221
002148
005124
002971
000225
005281
002531
000674
002833
000887
001996
002226
003108
006334
003657
004021
000309
006144
005898
003444
001530
006335
005891
005012
001127
002346
006503
007072
002127
004940
007005
002175
000762
000442
001011
002987
007193
000661
000195
005629
000611
006803
001846
002504
005475
005031
005202
007340
004574
006207
006875
005052
003666
000508
005677
003213
005586
004810
001623
001220
002026
004318
001155
005459
000168
003981
004611
005923
004290
006524
002603
000504
002153
003627
003761
001000
006121
005269
002455
001579
001741
006138
004296
000043
006316
001189
003168
001369
003355
005419
006133
000239
002087
002141
002159
003318
001626
003807
004288
000853
003145
002022
004907
003793
006709
003135
005518
001343
006649
003511
001374
002855
002126
001614
006277
005972
001674
001240
007022
006673
003448
004766
006140
004169
003689
004264
004541
006370
001744
000461
002380
001577
005812
007082
004816
002428
006538
005745
001470
007330
005956
007000
005379
003372
005042
001955
001131
001359
006172
001313
003409
001242
005949
004304
001461
003990
003936
005565
001451
004951
003061
000543
003821
000699
006356
003224
005640
002550
005389
005411
006547
000797
004439
007371
000062
000810
001381
003548
006453
004473
007316
001751
000503
006786
003677
002238
004918
003653
005724
006670
002187
002623
001473
003672
001562
007454
003236
007345
003160
004912
001896
001224
000270
001266
003937
005086
000812
003827
002709
007472
003690
002290
006192
003023
002723
003663
000383
006704
007134
002460
004033
005649
004923
003862
004776
005447
007236
003251
002094
001840
007065
006964
004719
005186
004203
003771
000638
006607
000185
001642
003607
004404
004210
001264
002156
001215
001413
000624
002396
001162
007249
003500
003274
001615
002158
005309
006645
005666
005786
003356
004276
006219
000627
004568
004165
006287
007474
003767
005607
005396
007392
003170
004493
003459
000540
000554
004518
005636
006616
002325
005650
004926
005837
000367
003212
005357
006143
003494
001901
005770
005322
000469
006737
002119
001437
000344
007013
005376
003595
001432
004338
007251
006321
003971
000431
006579
003787
004687
007268
005249
007383
003310
007280
002771
001342
000934
005416
000288
006933
002664
000199
006994
006927
002056
005765
006878
003330
001631
000670
006589
004544
002054
001363
003869
005388
003410
002507
006080
004368
002948
001419
003734
001443
006005
003485
004309
003760
002113
005543
003602
000420
000263
000203
003441
000787
002906
005490
001496
002631
002218
002461
003962
004694
006115
005555
001695
002092
006976
006190
000569
000460
002002
006826
006097
003078
006665
005260
006469
006689
007199
005934
001067
003797
001838
004057
007232
006451
005344
000151
003495
005220
007096
001717
002288
005715
007085
002574
004465
003140
001253
004468
003271
005509
002555
000917
007048
005449
004218
003337
002597
000771
005219
000567
001428
001500
001323
005801
006800
006968
006613
000978
002863
001041
001737
005571
004534
001749
003942
005788
003501
002155
000985
000502
005693
007227
000379
006752
007163
006389
005290
001522
003628
006155
001628
005268
004324
002588
007261
002075
006183
000976
002071
001571
002580
002426
005767
004699
001729
001844
004658
001098
004649
004113
001710
006300
002101
003424
005748
002563
003904
003129
003654
000866
005011
003121
002921
006482
001471
005229
006802
000859
005034
005664
000095
001960
005323
004904
002448
004791
007153
002438
001354
005813
004864
004802
002856
003425
001585
006227
006491
005169
001400
002021
004011
000739
005654
004405
000644
007396
001761
003516
001191
000007
003116
002764
003597
003154
000845
000298
000970
002840
000752
001474
004818
003054
006774
001794
004411
005708
007367
004620
004195
007271
000376
002747
000439
002900
005841
005119
006026
004806
005372
005472
004190
000343
000593
004798
002756
005974
006017
000586
002171
004895
005400
007328
001292
001390
001339
004350
004936
004418
001402
003897
004262
000322
005232
007363
001565
006430
001981
005053
004865
003041
003415
002653
003320
000387
000614
000020
000144
001973
004581
000090
002722
005628
003000
001418
004444
000454
001187
001164
007056
001820
006765
000971
003997
007240
002884
005264
004275
004570
004380
003187
004065
003664
003498
002317
002997
000316
006528
002362
000607
006214
004172
000619
003917
004187
003463
000076
000060
003486
004894
003060
001821
000064
002626
001117
002941
000341
002625
004567
004121
006620
003151
006506
005952
006460
004206
001804
006990
000903
006242
006768
001223
006749
000750
006772
003521
003149
000776
001649
005464
005162
003987
004311
004733
006492
005921
001088
005726
004734
003101
000446
002593
006762
006713
000456
002259
007473
004383
006014
002606
004108
003926
005625
004856
005793
005613
005295
005961
007304
000023
006119
002136
003466
006594
007467
000039
002611
006928
006150
004875
005780
005301
007292
004643
003371
000989
006157
002165
003025
002135
002392
003533
000942
006047
006489
007095
001818
000696
000041
004953
003612
004381
004653
001100
000219
005318
005040
005305
000835
007139
003382
006412
003593
002176
005437
005455
001913
006997
005065
001260
004580
005901
000222
001259
000610
002772
006085
001110
006581
001036
003294
002082
001459
001611
001688
002052
000385
004626
006225
006458
001890
001706
007081
004660
004345
006694
002205
006683
006496
005222
003552
007460
003497
003509
004963
000553
004355
004129
001379
004928
007407
004983
000982
006084
000284
007147
004554
004971
005000
000833
006249
005361
005140
001082
006237
000927
000678
002418
003156
001307
001312
001040
006718
000928
001351
004242
006070
006733
001733
007355
002614
002146
006626
007187
002285
005252
000051
002676
003693
000921
005226
002251
001644
006873
006146
007402
004374
000773
000353
001544
002577
005777
005235
002020
000098
007141
001607
001422
004471
001814
002870
006592
005462
004591
003150
004755
002227
006568
005620
004069
004842
005783
002826
001232
003073
002646
005834
004898
001625
005446
003056
003930
000599
000844
006702
007285
006690
006891
006908
001327
002654
004535
000067
002405
001888
007197
005051
004718
004072
005902
000914
006134
005457
003993
003139
006521
000522
001493
003579
001426
002966
003445
001161
004551
001830
006797
006411
001980
002658
001268
001494
000001
006944
004092
004409
007024
002848
005794
000615
001330
002735
002112
005439
002643
004763
004017
005046
000606
001094
001027
004985
006680
002470
003231
003147
005703
000818
006975
002028
003453
004212
001350
005194
005165
006135
004917
005968
000104
000428
002185
002345
004164
005110
000434
007091
000613
007068
006355
002635
005094
007049
005172
001591
001964
002249
006691
003401
005513
001269
000717
007248
000645
005909
005975
000228
004640
004109
006351
003032
002791
007388
005704
004604
006275
000706
002305
002100
006116
001559
006788
001617
005499
001752
003513
003050
005137
002404
003568
003523
003031
001725
006885
001999
005981
005079
002931
003885
002045
004901
003265
000486
002240
000398
004891
000294
003694
006480
004170
007250
001915
001333
000254
006443
001025
000749
005632
002379
003066
006724
005995
001371
007116
002399
000501
003258
002462
004248
004246
007417
002534
005147
005288
000215
007100
001389
000281
004558
005209
004362
002190
004490
003575
005218
005180
005911
001689
005578
005861
006420
003989
004291
006136
001472
005651
005212
004960
000127
002544
000870
006790
001809
006167
003315
000679
005200
000390
000775
007325
002899
007053
004349
003805
006576
004767
006304
007118
006858
004054
000800
000715
000595
003592
001523
000110
003660
006247
006346
000276
002667
004499
004479
005938
006175
002933
006291
005297
007034
005614
002944
005390
005862
005480
003573
001595
005453
005545
004052
002794
006784
000623
005568
007016
005434
005009
003599
003918
006036
004777
001679
005057
006371
000030
003557
005113
002704
007399
004074
004256
001377
001056
003745
007003
005965
000040
007343
003920
001249
001696
001083
000675
003282
001576
005377
004245
004489
005822
003850
000346
006309
001055
001557
004944
004143
002560
004627
004817
006936
003021
005282
006663
006202
006424
007130
002203
001388
004270
004053
007080
000665
000959
005624
003479
000884
002517
006268
005058
001086
005111
000479
000716
000256
000435
001620
005426
002666
007432
006646
000231
002992
006048
003957
000295
002770
002877
004662
005366
001019
001873
003978
004356
003389
006949
003782
002331
000647
007321
004334
007182
003812
004520
005575
006410
001509
001439
006114
005722
000584
006959
001133
001282
004911
005233
003629
003606
007354
007071
005230
003620
000708
001382
006845
005517
006405
002579
001608
003757
005474
001521
006776
001236
001854
006024
004278
005588
000650
003547
006187
002355
007348
004361
004529
002103
003384
001747
002008
001797
000204
003891
004181
000655
005937
002599
007314
005796
001892
003519
000547
003905
006587
002117
003195
002472
001120
001878
002705
002454
006893
001967
006930
005564
001990
005739
001018
006461
001959
004511
004440
002328
006850
002284
000709
003299
004712
003364
002166
004922
005549
003059
003802
002702
007468
005298
002972
007092
000232
005157
003914
000336
003305
002181
007352
001066
006246
001243
005116
005881
000551
003223
004599
005487
004674
004684
003046
005987
002721
000065
004314
002464
006744
005458
002538
000541
005523
006980
003442
006438
004326
006842
002434
003998
006493
000864
000084
002618
001561
003085
006716
001303
005833
000035
004749
006574
003185
007336
005481
000022
003030
003319
004156
005645
003973
003104
000314
004189
004321
006853
005097
006647
003774
004819
002862
007289
003136
004397
003172
003916
000134
006194
001969
005068
006591
003179
000558
000905
005452
007149
001022
004605
001387
000004
003646
000178
006182
003639
000421
001540
006359
004287
002602
002247
002617
001468
001984
006327
003705
002109
005806
003191
000310
005418
003647
002467
004870
004001
001429
001028
003009
002224
005561
004677
002803
000382
002394
004646
001119
002324
000987
004452
000078
004725
002994
007101
001252
003094
006086
001300
001392
004967
004194
007391
001666
001135
006236
004990
006435
006601
002233
004753
003206
004942
003103
001278
002140
006911
005308
001866
003006
000542
005576
004377
005633
004970
002613
006811
007041
007364
002562
001099
001704
001829
001728
000290
004392
000130
006500
006212
001708
004402
001636
000073
000404
003144
002150
007169
000124
003723
000632
001558
006112
003731
005493
000630
000136
006337
007029
002830
005404
004509
003399
002850
001776
000125
003204
003043
003437
006999
001740
004030
000210
005484
005985
001093
002628
003376
004442
000669
003183
000585
003488
004540
000119
004114
005929
004251
002195
001787
002546
003563
004090
002437
001372
001587
001007
002842
002490
007286
000968
003867
000015
006377
006602
003456
003166
003675
004360
004231
004453
004849
001534
003280
006753
001824
000122
002307
001331
003995
006945
006742
000573
005954
007237
005468
004921
006394
004578
001594
005306
005093
005714
007037
001417
005477
001673
003390
006002
007403
002019
002051
005027
002673
005791
001862
000885
001485
000483
006178
003512
001482
001908
001975
006751
001091
005539
005800
001520
005072
002775
000485
001672
000520
000089
006740
001937
001863
004613
000966
004107
004224
004706
000770
006998
002316
001528
003853
000931
007155
002014
006777
000255
001833
006092
002690
004149
006951
004339
003017
000362
006822
003749
002476
004462
000121
006062
002861
004981
002332
006781
006502
006761
002258
004563
001991
004446
003082
005871
006050
003865
000082
003232
001788
000265
001087
006313
004127
004799
007471
000846
003969
002996
007014
001930
001806
000326
003457
003591
007324
004744
005369
005266
003532
006715
004726
004740
001677
003674
007167
007206
001547
001769
004510
005099
004572
001924
004815
006651
004735
005719
006938
002910
005761
007256
005410
001121
004207
003816
007375
003229
001204
007191
001235
006258
003966
001800
006541
002118
002540
006434
000331
006838
004655
000142
004406
004401
002193
004220
000828
006019
004619
002030
002368
000507
002867
007376
001054
000878
006218
003743
003152
003704
004693
004565
000556
003585
005674
006037
006398
006992
001498
000149
004672
006349
006391
005128
004671
007405
007107
000513
005694
002261
001480
004341
001870
002446
001176
003484
000919
003588
006534
006627
005910
002745
001670
000836
003772
004899
004082
003651
003477
007477
006446
001760
000412
000943
001675
007438
003758
006961
006734
007161
007266
007089
007209
004751
006315
000983
003165
004608
003809
004058
004855
006068
002888
005017
007066
006597
003395
001556
002397
006991
003943
003460
001246
002805
004095
001467
004254
003426
001943
004821
005117
003378
005216
001609
002297
005384
002776
003794
004240
000102
002344
001014
007055
001630
002011
004227
002235
001655
000092
001355
004848
004076
003613
005537
003464
003022
002157
006034
004829
005905
000207
007078
001357
000747
003735
007463
002781
006222
007318
006465
007461
005955
001542
005829
000628
006630
007401
002915
001348
006322
004762
002510
005836
003362
006077
000930
001385
003458
001554
002496
005709
006662
000377
003659
002999
003622
007146
002042
005182
001856
005467
005016
004430
005190
005262
001828
004622
003113
002807
004863
000545
001361
006352
005108
002017
002059
001845
006071
000086
005986
002928
003717
004178
006348
004641
005848
005454
007323
003775
004532
001338
001166
004478
004306
004464
006831
005197
003860
006575
005201
000052
007160
004081
003804
000979
005198
005451
005662
006675
006200
006040
003288
001807
005329
003249
002923
002916
003972
000667
007457
000855
000911
006367
004002
001773
002424
000712
005742
005919
000958
001151
001589
006329
003317
001138
007094
004061
000093
000411
000304
000561
000510
005261
003900
002680
006509
002967
004083
001275
000372
002506
006667
000059
001895
003873
001847
000981
004032
000532
006529
006193
003701
007190
007404
006226
001050
005289
003306
003515
006807
001906
003161
003841
002232
002295
002091
006153
003581
002173
000337
005661
006863
001966
004393
002649
005688
000000
003428
004445
003792
001700
003980
001525
001444
005984
001085
001825
000566
000830
000854
001512
001541
006848
005835
002416
002035
003786
007033
004495
007334
001203
002260
002725
005690
007115
003394
002810
005098
003665
004432
005738
001225
002083
000890
002289
000213
006957
000462
004096
005877
006515
004596
001325
006326
000723
006719
002656
001985
004827
002616
004645
004124
004964
000214
003986
005918
004809
006033
003063
000944
001926
003502
004743
005013
004900
001015
006732
000597
000912
006815
005486
005203
001316
001396
000657
002206
005691
004665
001748
005595
005792
001364
007162
002985
002797
006376
006312
002370
007412
001707
005657
007351
005131
005191
003848
003893
002905
002974
001197
000366
006162
000216
002210
003668
002746
005243
001691
004569
007004
004171
006705
002149
005857
000181
005391
007341
004476
003100
002834
001221
005084
005601
000815
001640
005403
001922
001130
000489
004400
006899
000014
006317
005346
000042
001897
002050
004931
003174
000320
006486
003527
004111
001156
004584
006866
000798
005864
006417
002608
001868
004778
001929
001894
006828
003776
002080
005930
000779
003518
004093
006684
003564
004995
005345
001931
003649
000107
000433
002074
000867
002829
001668
002917
006978
005062
003542
001763
005444
004685
000984
006104
000458
001258
005450
007332
003522
005658
003036
003699
000056
004134
006897
005609
006089
000482
002661
001618
002032
003194
006532
000634
004887
005317
001676
003304
005729
001735
004329
000925
002963
006948
000038
002786
000470
004421
001682
004832
004872
005204
005587
005594
002865
001477
000074
006883
000345
002133
003624
003963
003375
006590
001367
002737
004455
001983
000338
006973
007380
002962
007109
004217
005914
002183
007293
001979
003799
006283
002816
005415
001826
001839
006490
005059
004183
002871
003045
005274
001192
004846
002263
004064
003808
004702
005540
004332
002363
004597
003736
002881
002382
004162
004539
001320
001904
001184
001287
000368
006285
002445
003008
003932
000918
006962
003880
003571
005866
000658
000371
004427
002983
006148
006625
007097
005285
000034
006290
000132
005370
004664
003227
006244
001976
003335
003566
005371
006127
004363
004896
005030
002422
002410
000587
002034
000695
001077
001309
001340
007113
004538
005339
002529
007067
006903
005596
002124
000785
004174
005122
001553
002685
007395
002817
005648
000413
004957
005538
006692
006425
000138
002688
006708
000005
005067
002645
000589
004301
000472
002935
005427
006254
000860
003339
006846
004948
004042
003196
004040
005164
002169
005236
007203
007204
002196
007299
006513
005267
001104
001047
007241
002058
004979
007180
003111
000087
000974
002010
003768
000684
001742
004091
003939
002085
002452
000186
005123
000085
005118
000192
005092
001108
003739
004714
000355
001770
001664
003569
004265
003713
002710
007212
003740
004271
006804
005244
005876
001518
004416
001061
004219
006952
003618
000230
004026
001746
001211
006418
005616
006001
004154
002473
003336
006851
005551
006677
003238
005527
000938
006057
000588
004837
006560
000809
002880
000123
003546
005435
001927
005133
002532
007378
006433
007310
003720
004297
000260
002481
003028
003490
002391
000356
005781
006069
005610
007050
002732
006090
007436
007306
003866
006860
006892
005025
001879
002403
000872
006656
005725
000474
003596
003683
004976
000266
005206
004999
002989
003696
000364
001182
000512
006780
001758
007257
002048
002512
006177
001032
003328
005590
001764
004372
004595
003988
001727
002501
004344
000633
006766
007450
000681
001798
004435
006191
004659
005863
001883
003751
006021
000467
005542
005712
004992
007171
006421
000352
003480
000574
003198
003765
003778
005619
003270
000794
000249
005768
001277
000010
004692
007073
006688
002393
003416
004796
005546
005381
001102
003875
002800
007287
004161
002782
000871
004610
006211
001705
004757
000932
000250
001044
006385
004182
000302
003726
004496
004078
000075
005885
003864
007263
002313
004774
005109
005925
000760
005686
006760
005710
000131
000721
003295
002836
002582
001113
006023
000334
003026
004294
005740
000024
001497
006400
005114
004020
005173
004722
006448
002466
003742
006455
000297
001545
001663
000605
004679
006082
003531
001046
006865
000579
000680
003616
001793
001465
006383
001430
006075
000016
005132
002590
005143
004060
004433
002073
004241
001713
000459
003342
003941
000701
000493
001650
001114
002818
002520
004235
005534
002897
001398
001434
000973
006539
006540
000876
001435
003269
005556
001410
003163
007393
006650
006566
004419
006436
001384
006617
006445
000218
006043
002610
004396
006478
001263
003976
000323
000641
003977
001909
002144
005778
000732
000726
004747
005681
003561
003927
002713
000184
003828
005280
001662
003038
004756
004700
003911
006809
001570
006783
003222
000234
003859
004993
002229
005879
000399
000668
004589
001057
002882
003127
006066
004945
007297
003877
002792
007019
000496
000033
006919
001817
001095
005828
005668
000393
007158
004099
004761
003027
001069
006953
006234
006967
001997
006363
002280
003332
006714
005193
007441
007411
005933
006100
003449
002970
006569
003697
004908
000400
003706
007192
001201
000410
004678
005798
004958
001590
004391
006223
001956
002567
002670
001939
000464
000751
006010
001423
005605
005275
004955
003124
000568
000165
005364
003922
001965
000091
001256
006837
000880
004516
007185
006083
002573
006629
006841
006557
005689
001202
007011
001805
006701
000894
001427
001880
002858
003730
004789
000977
006806
000565
002486
000025
002892
005983
000047
004844
003029
000901
004313
006220
002981
007362
006618
001957
001719
000252
007143
002471
006297
006544
003068
006413
005166
004705
002753
000743
002876
005316
001665
005743
001648
006204
004772
002120
005831
002225
007138
000801
003363
006437
005535
002918
004537
006079
002875
005764
001671
003015
007044
003678
001295
002553
001599
002689
000731
005928
000324
001487
005354
004938
006894
001949
004259
004055
003773
004793
000719
005896
000350
007435
002774
005150
001813
006982
001801
003081
002728
004939
004823
006012
000209
002844
003894
003040
007413
004663
002086
005492
005647
001401
005839
004414
007148
003676
002947
003955
000819
001697
004142
002337
002760
000054
007083
000111
000758
002352
005237
001886
003617
003482
000555
001290
005526
003246
000306
006516
004579
003954
001353
003447
007122
002927
006880
005138
006596
003300
006224
006245
002894
000560
006472
001935
001059
001143
003732
001347
004962
005334
001757
006580
006235
000956
006110
001060
004830
002607
000824
003357
005852
006044
001291
004277
002039
000180
001081
007132
001750
005495
007164
002526
000725
001779
006154
005081
003065
007114
005506
002029
004576
005747
006301
000795
003801
000200
002005
002767
000531
002866
001349
002236
001004
002519
007386
006595
001816
007410
003537
005004
002358
003945
006565
004851
000405
000822
005519
000710
004457
007365
000021
003626
000733
002724
003241
003297
005608
002872
004322
002178
002594
003324
005307
002215
005367
001416
002292
006152
000764
004924
001219
004353
004741
003291
004412
001152
003429
000686
003323
002276
007296
000114
003919
007464
000311
005028
002977
006339
003293
005491
005356
002698
002907
001683
004617
004477
001639
006030
007043
005541
005585
003359
001356
000536
005856
007057
002395
004713
006384
003843
002327
005170
004909
003999
002734
006612
005331
006648
005600
005241
005176
003634
006695
005360
000370
004506
007264
005787
002456
005737
003709
006262
007269
005895
000448
004704
002278
006533
005655
006319
007099
006463
005070
006895
001214
001006
002790
002874
006441
003983
004773
004450
002310
004481
003746
003047
001954
004652
004512
000029
002864
004148
005060
003123
005247
002115
004451
006870
005522
004232
006526
000478
005085
000883
001280
001934
000248
004045
002009
004236
002828
005213
004779
006901
006081
001958
005224
001786
000626
002374
006188
001403
003343
000449
004253
003538
007194
001386
004437
005460
006265
002217
005087
003907
001989
003002
005959
003896
004559
004213
000406
001588
002336
006160
005945
001842
002256
003956
002895
006923
004201
005750
000158
003226
005882
006827
005760
000057
007238
004049
003259
003959
003686
006357
003228
000031
001914
002364
001035
003818
005382
001016
003216
001948
002477
001481
005872
007093
003543
006174
002909
000418
006505
006145
005818
002270
005860
005944
003652
003245
001332
006027
005552
003266
004005
001206
007127
003800
002064
001274
002480
002978
005500
004155
004295
004675
007335
001582
004027
005479
005563
007245
006381
003921
005121
006929
005014
004673
003290
000511
006934
002296
001228
006286
004284
000953
002152
001196
006722
005231
004019
006763
001777
006741
006299
004575
005424
003903
000523
005049
003947
001823
002965
005335
006993
006365
004179
002778
004592
004750
003467
004838
001158
005652
002287
004759
005530
004688
003175
002929
002949
003252
006758
001993
000375
002078
005962
006354
003540
004273
004216
006199
006000
006642
003640
005175
006073
001043
007295
006703
002046
002627
006674
003795
004492
005448
000272
003908
001597
000600
000116
002161
005408
005604
000258
005597
006913
007079
000189
003007
005278
007105
000193
002522
004525
001305
005466
004141
006476
007135
005978
001284
002845
003541
005362
003931
006176
005814
002831
001030
002216
004814
002413
001024
003744
000635
002200
000825
002304
006426
001128
004016
001116
006610
007021
001123
006869
003507
003884
005286
001517
006810
006170
002420
000113
005445
002903
001799
006950
004683
002214
000980
000882
000148
007012
005663
001508
002838
006759
004136
004120
005313
005842
006440
003577
005168
005982
000202
006449
005283
006687
003756
003710
003254
001768
000843
001877
006932
004657
000698
003881
003472
004097
002400
002765
000026
005234
003106
007205
001951
002528
005573
003329
001514
003225
005107
004811
007150
006494
004104
002961
001715
005823
002968
005251
005300
002228
001593
000159
005782
001575
001376
005304
001288
001039
005888
006087
004573
003721
005623
005089
005593
002886
000046
005634
004244
001084
000827
005966
005515
001017
007001
002177
007243
004731
000594
006260
002854
002893
006643
001299
001703
004501
003199
003039
006241
001501
001311
000386
001265
006989
004797
004043
002429
001712
000672
001072
003878
005205
002442
006452
003132
002053
002960
004933
006267
004998
007077
002731
002162
005342
003004
007111
001810
001222
002432
003874
006537
006318
001745
006264
004716
000013
006664
004066
006507
000772
001062
004991
000896
006886
000036
002130
004780
006008
000152
003964
006141
001251
000990
004562
005769
003338
003380
003264
006717
002339
006682
000315
002788
003826
003551
007121
002809
004209
003052
001373
000722
003798
003783
004160
007198
002350
006710
003682
006712
007230
007377
002693
005368
001884
000578
005894
006861
004300
000423
004071
004168
007226
006979
001294
006098
006295
002202
002564
000118
004745
004369
003644
004968
005687
005035
000169
005015
001552
006750
000929
003645
005507
006497
004340
002925
001795
005158
000245
003192
005312
002047
007009
000242
001321
004545
005502
002186
007025
001250
001089
001097
007231
003092
006849
000936
000300
002383
003178
000840
002813
006342
003708
000018
005103
003759
004794
002659
002595
006874
006072
006707
004286
000440
005598
007062
006577
004831
005090
001622
004792
004269
006046
005567
002619
002859
000537
000994
004932
000700
001841
002097
005746
002006
007275
002986
006468
001209
006029
002443
004070
000374
001412
001613
002356
005873
003940
000097
003221
006525
003167
005960
006987
007456
006545
004233
003405
000937
003411
004247
003186
001971
007298
002524
000861
004732
000528
005442
003534
002016
000206
007213
003886
005006
003334
007225
007426
004480
001244
000995
003344
004250
002267
002041
005496
001492
004337
005706
002252
001105
000313
005695
001366
005980
007339
005054
003702
001190
003594
003949
004555
000429
002669
007028
001667
006205
002585
002359
004163
002237
006228
001406
004249
006189
000190
002407
002806
002381
002589
003396
006700
006279
002835
000811
006669
000430
001604
005819
002551
000877
001002
005188
006514
006467
000646
000546
005756
002068
005325
000058
000724
001529
002620
005199
001972
005867
003377
005569
002591
007344
002708
006859
004768
001791
000174
003895
003684
004018
003806
006852
005159
001159
005675
005520
002269
000913
001328
006981
003722
004689
001887
006450
001344
007422
002951
006016
004333
003851
006764
001619
005351
003301
005720
001928
005504
003406
003979
001281
001569
000227
002919
003455
004364
006240
000697
006603
002736
002869
001944
005731
005032
001743
006333
006918
007098
006392
004175
005254
004987
001090
004902
002451
003834
001686
000792
002386
007291
002642
005730
005963
002839
003590
004822
003755
004202
005393
001917
004289
002222
006169
004234
004325
002320
001231
004824
003719
005239
003109
000576
001271
004715
003589
001645
000888
004403
005870
002716
004211
003556
004600
003906
007201
004015
002311
003604
001941
007284
006217
000463
002801
004282
002824
004267
001078
002687
001647
004037
004874
001394
007319
005333
005463
000693
004031
002275
003314
002887
002592
001627
003789
007368
000848
003369
007455
006292
000491
006471
002912
003890
002686
007309
004144
001566
002719
007342
002241
006823
004299
004886
007337
003240
006252
005580
002384
007042
000384
001872
004980
007075
001393
006531
006756
007350
004327
005908
001012
007406
005697
007302
001641
005751
004012
003122
003181
002208
005638
000103
000264
003953
004852
004691
003530
000781
007233
002946
002406
000690
001293
002541
004316
001122
004413
002243
004723
005105
004517
006606
001126
001154
000948
007145
002969
001606
002650
003854
004560
004494
000682
000327
003346
007272
002221
000849
004116
005700
006035
006498
003171
003057
001107
006947
005271
006522
001424
003247
001150
001370
003402
000767
002308
004454
005851
000063
006409
001186
004390
000847
005223
006754
004840
003642
002231
000910
005875
005311
000238
006748
004395
001694
004415
004972
004598
007387
002672
005476
000268
000244
001656
002518
000907
005505
002389
006164
004308
000402
001442
005630
003230
006548
006512
005248
000806
006307
007246
005618
000282
006379
005996
001709
006495
005964
002763
002578
006608
007278
000099
003822
002675
003287
004602
001391
005438
002758
007002
005256
002692
000744
004975
000329
005005
005825
000738
003909
006554
001185
000852
000037
002184
001855
004997
000909
006792
002860
007234
003374
006563
000443
006108
007273
003667
005501
001693
003091
005154
003583
000552
004342
007020
007040
006015
006872
007452
002821
003352
003197
004467
007125
000105
003680
004550
003650
005151
000557
005994
003277
004084
005889
000220
005826
002683
004956
005021
000839
005584
003302
007189
004366
005238
003960
000452
006902
001431
007165
002090
005227
005665
001685
002174
003570
001982
001157
005582
006611
006179
004041
006905
006120
002369
001238
002991
004488
000539
002255
007430
006147
001876
005392
007451
004150
001536
003858
001698
005684
004634
002475
004281
005321
002367
005343
005883
004024
001210
005071
004549
004014
002441
005803
006103
002514
004486
001629
005405
005941
002749
002739
007069
006096
003312
001716
004214
002485
000279
006052
002691
007254
006126
003601
000906
003351
001714
006773
005627
006847
005330
002388
002539
002648
000671
007418
004320
001633
007030
001397
006666
002334
004986
006511
003832
005184
000598
001792
005422
004085
002873
001860
002414
000191
000048
004204
003625
000858
000823
004795
000274
006058
006280
000689
001900
001796
004448
007076
006598
007320
002569
004459
000236
000050
000360
004618
003153
000154
005953
003716
004760
000409
006843
004523
007007
007424
003982
000150
005701
006857
005265
004542
007322
002952
004205
000354
004871
000590
002825
004359
000832
005998
000660
004707
006986
004197
002012
003427
006059
002106
005363
001978
000179
002738
001572
006856
004010
003155
002601
000737
